20 15 13 17 29 28 17 22 27 32 39 23 33 16 40 15 39 39 14 17 21 11 23 38 38 12 12 29 24 40 22 32 15 23 37 32 10 14 11 27 34 40 38 26 13 36 30 11 32 34 
17 12 34 30 10 31 30 10 19 11 40 31 34 14 12 28 34 12 30 35 28 22 32 25 38 36 18 25 35 10 17 40 12 10 29 10 29 19 10 38 20 10 26 11 12 28 28 37 29 17 
29 14 29 21 27 25 14 36 38 37 36 12 37 36 10 23 37 29 30 37 24 39 35 10 40 38 26 25 32 12 31 18 16 17 27 34 30 31 27 28 26 22 28 22 15 29 35 11 17 25 
37 32 21 29 30 18 24 13 34 15 16 24 22 20 31 39 13 19 30 28 37 13 38 24 25 13 10 17 14 18 30 39 38 10 28 25 19 11 28 12 15 34 24 27 12 12 25 15 21 12 
34 15 15 31 28 28 32 28 36 35 34 23 33 29 24 18 13 31 18 32 31 23 23 14 38 25 14 20 29 24 23 20 27 26 39 12 12 31 31 36 25 22 18 15 11 30 24 12 20 32 
34 10 12 15 12 40 30 15 19 16 29 30 26 13 14 23 16 16 13 35 40 26 16 17 31 15 38 12 18 15 34 40 16 34 14 16 33 35 21 10 39 38 28 25 11 32 38 15 36 39 
40 35 24 15 10 12 19 36 15 27 10 37 26 14 29 31 21 19 23 30 19 21 26 36 34 25 25 29 30 21 27 29 13 39 32 11 40 10 37 12 25 36 37 11 40 25 30 18 35 12 
39 11 21 24 37 13 39 22 32 26 31 17 14 32 13 34 34 12 35 28 14 17 23 40 18 23 24 36 31 18 36 27 20 17 39 14 20 35 24 40 20 14 16 22 35 18 16 28 20 39 
13 23 15 27 22 22 38 36 17 26 12 13 13 20 18 11 22 26 37 37 25 14 10 30 27 35 38 33 20 15 29 24 28 34 39 38 13 36 32 21 21 34 22 22 11 30 22 23 15 16 
19 28 20 18 17 37 10 14 27 21 20 15 33 36 38 29 34 10 24 25 19 33 16 31 15 17 18 25 28 23 31 38 11 10 13 16 36 13 21 22 22 29 26 14 24 21 33 15 19 14 
30 29 38 34 17 10 10 26 25 29 37 15 24 38 13 27 14 39 30 23 19 12 11 33 14 23 13 36 29 22 38 16 39 33 10 16 33 39 30 15 25 26 18 37 22 20 23 24 18 11 
35 25 11 34 17 13 16 18 37 33 29 35 38 27 27 38 31 18 34 20 21 17 35 30 13 14 40 27 28 15 26 22 31 27 15 36 28 19 12 25 12 31 19 40 15 34 35 37 11 26 
14 23 33 37 10 37 10 38 21 26 12 37 36 31 21 39 25 37 18 27 21 18 15 28 15 20 20 38 14 21 23 19 32 16 13 30 10 14 27 21 28 28 15 24 18 24 22 31 20 28 
17 30 36 22 15 39 31 25 36 35 35 17 13 24 21 15 14 21 19 29 30 35 16 33 18 23 14 31 13 22 16 19 11 12 29 17 39 19 30 35 14 24 11 15 39 20 20 12 31 27 
31 18 22 36 10 28 18 12 16 19 24 23 28 24 25 17 29 23 24 18 15 26 33 14 32 31 24 40 31 12 25 19 20 35 14 18 22 20 20 29 30 35 11 15 18 24 20 37 35 35 
12 10 20 35 12 40 23 27 38 11 27 22 21 38 16 23 15 28 32 24 14 19 16 15 24 24 29 35 18 22 27 20 22 35 13 22 35 26 37 32 28 24 11 37 21 15 17 24 33 39 
36 38 17 11 10 30 25 28 24 31 40 10 11 19 35 14 31 27 28 28 16 13 11 15 38 20 20 15 32 13 11 28 39 17 29 39 37 12 24 18 33 23 16 32 32 39 34 23 24 22 
39 30 25 40 36 23 17 13 26 39 16 25 26 12 32 15 40 26 17 23 34 38 37 38 30 26 37 23 39 20 35 37 38 18 34 31 29 10 35 12 40 39 27 23 40 19 28 39 33 33 
19 25 31 13 22 18 30 16 31 28 24 24 23 22 30 14 10 18 15 33 20 12 32 37 25 29 13 11 27 37 32 34 21 20 38 31 28 27 38 17 12 21 31 23 31 20 28 30 26 31 
22 34 33 11 30 15 30 32 14 14 26 37 39 35 16 36 25 33 22 20 40 22 30 30 36 20 38 23 38 21 13 20 14 34 19 34 37 40 23 11 13 39 36 40 33 40 35 16 32 14 
26 31 27 15 18 20 24 13 33 21 24 34 29 28 25 39 20 19 36 33 20 39 30 13 37 20 13 31 26 35 34 10 24 18 15 32 28 29 34 20 39 17 11 27 36 26 25 13 33 18 
36 13 15 23 14 11 34 17 30 17 10 23 17 24 31 21 13 18 38 37 26 36 12 27 23 36 10 36 39 34 14 32 35 19 15 37 18 37 14 38 13 12 21 19 26 40 30 27 18 27 
22 32 21 24 17 34 17 15 27 15 37 29 37 29 36 11 26 13 36 30 40 40 32 20 16 15 17 36 30 23 20 11 15 31 23 22 22 30 25 38 33 22 26 30 10 20 29 26 21 25 
13 20 22 35 28 28 38 36 21 28 18 29 27 21 20 39 31 30 26 16 27 19 28 11 37 26 21 25 12 30 38 15 10 19 39 26 35 36 19 13 23 28 33 39 37 10 37 28 30 22 
34 17 31 19 18 27 35 27 10 35 16 38 10 14 15 37 31 38 32 38 11 13 25 32 11 20 32 36 38 19 17 29 26 37 36 32 21 30 18 19 23 23 15 21 27 20 17 15 17 39 
13 16 40 26 36 39 36 27 34 31 37 40 19 20 36 14 12 14 33 18 22 13 31 27 24 16 37 31 21 11 27 22 16 27 37 11 25 32 27 19 21 21 16 28 31 40 31 31 13 23 
40 25 24 30 11 38 36 36 28 15 36 12 27 11 29 23 12 12 13 27 19 24 38 25 40 29 24 30 17 25 10 16 39 24 37 40 21 30 34 37 35 29 40 20 30 26 31 30 28 32 
17 35 13 12 19 13 31 31 33 37 16 34 12 14 17 37 11 27 27 33 23 19 21 20 27 39 37 18 29 22 40 34 17 13 36 24 16 25 13 39 21 19 30 23 21 38 18 20 24 35 
13 35 11 24 13 29 23 40 37 40 19 34 33 24 37 26 37 10 10 40 38 21 16 27 33 27 24 10 37 36 33 40 29 34 24 32 20 35 29 14 34 38 39 24 20 33 40 16 32 39 
13 29 19 19 15 40 36 28 38 30 21 28 28 40 20 40 31 30 34 19 35 25 15 31 39 23 23 36 27 14 34 30 31 11 39 37 39 32 22 37 19 33 24 37 33 34 36 21 22 27 
31 16 11 34 37 38 16 17 34 33 20 27 22 10 26 18 35 25 38 16 21 14 38 33 11 30 25 35 10 37 22 29 10 23 22 35 19 28 11 12 18 19 27 28 18 11 36 12 26 31 
17 35 36 14 27 35 34 40 27 32 36 39 19 34 20 31 28 29 17 28 29 23 37 13 11 14 14 37 15 30 26 22 22 19 24 38 11 15 37 28 37 31 27 15 24 35 35 12 21 40 
30 40 22 24 10 23 29 15 18 32 33 32 11 15 10 25 12 11 30 37 27 24 27 11 30 11 36 22 13 16 19 33 13 31 16 12 12 33 15 18 22 38 40 23 10 40 38 10 39 27 
38 23 11 24 25 29 25 20 39 26 25 17 16 26 36 21 26 38 13 31 15 24 27 12 37 27 40 33 26 38 17 23 21 16 35 34 35 18 11 31 34 26 36 10 10 32 21 26 27 22 
15 31 34 32 33 31 16 33 21 32 28 28 12 37 35 38 30 27 13 32 16 35 15 11 35 13 33 13 30 20 24 35 39 15 24 31 34 30 21 14 22 40 33 24 34 25 19 24 11 22 
13 17 17 18 17 40 22 40 11 40 17 23 32 15 28 15 35 22 35 15 24 14 12 16 27 37 29 36 18 29 16 21 34 21 27 10 18 37 10 19 34 15 30 25 19 16 28 11 26 21 
14 40 25 17 14 11 11 33 36 19 21 11 28 15 22 12 15 30 40 13 38 33 17 25 16 26 31 34 25 16 12 29 16 28 34 18 27 35 10 22 11 22 21 27 25 33 30 30 21 29 
32 16 19 39 31 25 22 20 17 37 24 19 25 30 35 19 36 20 11 37 32 13 16 13 30 31 34 17 18 12 36 40 18 13 36 38 28 17 17 33 11 31 10 27 19 33 34 14 12 33 
39 35 34 14 36 22 35 29 29 13 30 23 10 38 26 37 33 11 13 38 35 15 29 33 30 36 25 21 38 26 13 37 18 36 10 13 17 34 30 36 37 17 18 37 15 34 33 36 36 35 
34 28 38 20 18 27 15 31 36 10 16 37 37 24 32 36 25 39 29 13 35 25 20 10 19 23 35 10 19 28 35 10 13 32 20 21 16 25 11 40 25 16 36 20 28 28 15 11 26 34 
12 18 16 20 19 25 34 11 23 10 29 17 39 32 37 18 10 10 31 11 40 13 15 36 23 34 21 26 35 37 19 37 15 23 16 22 39 38 23 19 36 11 27 34 31 21 11 31 20 30 
30 19 34 36 12 16 27 23 33 21 18 40 15 21 23 21 33 19 17 15 28 10 14 12 35 35 24 34 23 32 24 12 10 17 36 11 21 22 22 13 31 30 11 36 10 24 15 33 31 20 
36 16 20 40 19 14 34 31 37 14 22 20 15 20 25 10 19 36 21 32 38 40 19 39 36 20 20 39 10 10 18 35 16 26 34 23 31 26 13 25 30 23 35 35 32 19 34 10 14 12 
32 11 11 11 38 37 19 17 33 17 15 39 11 20 25 34 33 13 19 35 28 37 15 22 32 37 29 23 38 31 25 27 33 26 26 28 21 35 36 13 10 10 10 11 20 25 33 11 28 11 
34 15 39 39 25 28 36 13 39 31 34 23 17 24 37 34 12 17 26 36 19 26 36 17 26 14 32 18 13 17 18 37 22 14 33 35 30 28 38 28 18 29 10 24 11 35 15 13 10 31 
39 17 15 32 24 31 34 15 37 35 22 12 31 32 16 24 26 36 40 21 21 16 38 19 28 39 14 33 40 14 23 36 21 28 28 35 16 19 38 11 14 17 13 33 39 18 14 22 11 14 
33 23 18 30 30 36 27 34 28 26 36 39 22 14 25 38 37 31 14 34 30 18 10 32 40 37 38 13 18 39 15 39 19 23 29 40 16 13 31 34 29 27 31 39 29 15 34 26 34 39 
17 24 14 16 15 13 12 12 15 19 39 20 17 18 32 34 15 36 37 34 28 24 20 18 22 38 23 16 23 16 12 28 30 16 34 33 18 35 33 23 13 32 31 18 38 20 12 10 16 37 
34 34 20 12 11 33 40 24 37 20 28 39 38 18 12 32 39 20 24 32 31 25 21 22 33 18 30 33 16 36 30 40 27 40 11 28 30 39 40 24 18 28 20 16 34 23 36 30 33 17 
21 24 32 30 34 22 36 23 15 11 19 33 40 34 30 10 22 18 38 19 32 15 35 12 19 26 25 12 16 15 17 25 27 39 15 20 19 39 32 24 10 39 14 40 32 34 38 13 40 35 
21 32 39 13 32 15 30 14 16 34 19 23 18 35 22 21 14 29 20 36 12 18 34 14 17 26 36 12 27 36 36 36 27 34 40 16 37 27 20 12 20 27 26 26 21 36 36 24 24 13 
17 24 21 40 26 26 25 21 26 40 16 21 34 31 12 33 37 40 19 14 11 27 32 25 12 10 18 38 24 30 39 32 11 19 29 27 33 11 39 19 10 14 28 32 36 31 24 30 30 31 
35 29 15 24 12 18 24 20 13 37 10 12 26 40 19 14 27 10 15 25 17 13 27 35 36 22 25 17 10 12 37 35 32 11 18 34 17 30 11 19 24 40 19 40 40 26 13 26 26 16 
39 31 20 25 26 13 38 39 20 38 11 14 30 31 16 36 24 21 23 23 30 38 23 39 37 20 25 39 36 39 12 34 30 22 18 13 23 13 11 32 39 12 36 26 31 40 21 14 21 33 
26 10 30 37 38 26 16 20 22 40 18 25 33 38 35 39 39 18 10 10 40 37 10 35 21 32 35 30 34 13 22 19 13 11 15 39 26 19 18 38 18 27 22 39 22 15 38 21 23 36 
19 22 30 19 14 10 10 37 31 33 40 12 40 11 14 15 40 28 24 18 25 31 33 36 29 12 10 24 21 23 19 30 33 40 38 35 38 36 32 28 28 31 29 28 30 33 31 30 20 12 
36 33 33 26 28 22 26 26 36 38 37 13 25 29 10 22 22 38 18 13 26 36 32 12 21 22 33 11 40 10 14 33 33 35 16 19 16 32 35 10 29 30 13 14 16 13 24 28 10 32 
31 24 26 23 26 37 33 18 37 30 18 39 22 40 33 26 18 40 17 10 40 35 30 12 37 37 13 20 24 13 12 13 26 26 24 11 22 16 18 16 36 24 14 15 23 38 31 31 35 36 
30 32 30 19 34 26 13 35 35 28 38 37 31 21 20 14 21 30 18 29 37 11 12 10 14 26 36 33 14 30 28 34 21 18 11 12 32 14 37 26 32 33 20 20 13 30 22 22 18 28 
10 14 27 11 14 31 25 39 23 29 28 40 21 40 15 22 11 37 24 37 21 14 29 29 24 30 17 35 12 25 22 10 29 38 11 31 28 24 29 40 11 17 39 22 14 13 32 13 38 15 
38 16 19 24 36 32 14 12 26 14 27 36 12 13 31 12 34 19 26 21 16 27 26 12 37 30 15 26 31 10 32 29 17 39 12 12 30 14 12 13 16 29 38 19 32 28 21 23 35 37 
32 10 22 17 12 16 35 15 33 24 16 24 12 21 22 12 21 10 17 23 11 23 11 39 32 31 25 10 11 19 36 34 18 17 39 18 23 32 24 15 15 28 27 17 37 38 19 17 36 24 
30 37 38 31 34 27 19 18 28 18 25 21 40 33 28 39 11 39 30 23 12 35 10 27 40 37 24 18 13 17 31 31 14 28 21 36 12 28 13 28 36 26 39 36 19 24 32 18 21 19 
31 23 13 29 40 12 23 22 18 26 29 39 16 31 24 25 26 25 10 27 10 34 13 40 27 20 21 18 28 32 27 16 14 28 35 12 28 17 22 35 31 39 31 35 30 13 17 13 28 15 
29 28 39 30 25 26 38 37 32 25 28 17 29 31 35 23 33 21 28 14 15 16 10 36 10 30 37 15 32 24 20 18 10 16 36 23 32 33 19 22 17 36 29 36 26 21 16 16 32 32 
18 35 38 18 29 36 37 25 10 28 40 18 34 38 24 29 20 14 21 28 26 26 23 14 19 39 25 23 14 15 14 22 40 11 30 28 35 24 13 33 40 10 10 33 38 22 19 15 26 30 
33 40 13 15 13 22 11 27 35 13 32 37 23 29 36 13 17 30 25 18 20 25 18 20 17 13 31 27 18 14 14 40 14 18 14 17 28 14 32 23 17 23 17 31 12 13 32 17 31 16 
25 11 31 31 19 37 34 40 23 40 14 25 39 18 33 11 23 21 15 15 32 22 26 39 10 26 40 32 31 31 37 15 32 27 36 10 23 27 10 34 27 12 19 25 18 40 26 31 20 29 
34 40 40 20 37 40 34 36 30 25 26 26 28 17 12 22 16 24 39 14 15 25 16 24 39 24 22 22 12 30 11 37 30 10 14 26 38 36 19 27 20 34 12 37 39 13 18 14 25 16 
18 30 30 22 12 28 36 24 38 37 13 39 31 31 37 33 14 33 28 24 19 37 17 20 33 13 21 10 18 34 16 26 21 34 37 23 21 30 35 19 26 37 15 16 27 10 39 30 33 25 
13 40 21 18 17 11 21 26 11 27 19 15 11 29 40 38 40 18 27 35 25 11 29 29 17 15 29 14 35 19 27 36 16 38 11 22 37 21 36 38 36 13 10 37 32 38 32 31 16 19 
23 29 20 11 17 25 15 34 27 38 12 13 32 17 39 33 27 35 11 22 30 36 25 31 32 16 28 24 38 32 31 18 21 39 20 28 21 25 22 39 22 22 40 13 27 39 35 13 31 34 
26 21 29 39 40 19 15 25 31 10 17 21 18 26 17 26 13 28 10 23 24 23 34 24 24 20 22 18 22 10 10 36 21 29 34 20 38 37 36 28 37 10 37 13 26 13 29 27 30 30 
10 13 10 32 27 22 40 37 29 21 38 29 16 16 15 39 25 13 35 18 29 30 18 24 33 32 27 21 18 14 39 16 18 37 38 33 17 38 28 36 16 25 22 21 29 27 19 13 28 13 
21 15 33 27 29 23 18 13 33 25 18 31 31 26 26 27 16 33 22 34 26 26 16 38 37 36 24 15 37 10 17 18 15 38 33 34 19 40 37 11 24 14 30 12 28 13 27 35 36 39 
26 21 23 33 16 19 28 31 23 24 31 28 30 36 23 23 27 32 22 23 33 34 28 21 36 13 24 21 38 18 17 24 27 30 14 34 40 32 22 20 13 10 38 32 34 20 12 20 12 22 
33 33 15 18 13 39 22 28 19 17 36 25 29 22 14 33 13 13 24 25 23 26 25 18 15 18 29 17 28 29 29 19 21 32 27 23 28 37 10 36 14 34 20 33 13 24 26 17 26 38 
32 37 21 15 15 26 23 32 33 40 20 19 18 31 39 33 13 25 30 11 20 34 33 28 24 37 40 40 11 25 36 31 20 16 36 25 33 17 14 23 14 24 31 22 12 27 12 14 11 32 
15 19 23 37 35 36 31 35 35 32 17 28 20 27 35 14 40 25 19 13 36 23 25 26 33 28 11 35 32 10 25 35 20 36 29 12 31 19 37 24 39 14 11 17 29 34 21 29 18 30 
30 14 12 15 28 35 31 29 27 22 30 11 14 38 36 34 40 26 10 37 38 38 39 40 14 27 31 25 13 40 12 34 13 14 37 31 37 27 20 23 37 38 23 39 35 18 30 34 32 31 
28 28 26 26 25 30 11 15 14 14 14 14 36 15 18 32 37 12 16 14 23 12 40 36 40 34 11 29 25 32 17 13 19 33 27 32 20 28 37 22 31 11 26 26 16 32 16 10 34 22 
12 17 23 11 10 20 33 10 39 18 30 14 19 37 35 36 28 15 22 24 27 12 23 13 26 28 35 32 26 27 12 29 34 23 28 32 33 21 32 31 29 19 33 38 15 28 31 33 31 10 
15 17 10 28 18 27 13 13 16 30 28 16 16 19 29 34 10 21 14 31 10 33 40 33 28 15 18 17 38 39 17 12 16 16 29 22 33 32 23 37 19 10 13 25 19 30 19 20 11 23 
39 11 14 38 32 30 12 10 35 39 39 12 39 12 18 27 25 39 17 38 33 26 39 34 11 17 24 18 25 23 31 23 24 33 21 15 21 21 13 15 17 12 15 16 12 23 31 27 19 36 
23 10 20 21 34 21 26 15 27 40 28 15 22 11 39 31 15 17 10 18 22 17 18 28 21 21 39 10 36 16 34 18 16 13 27 38 22 11 13 39 10 31 14 22 31 10 11 34 17 11 
40 29 16 18 14 26 27 13 26 22 17 19 29 23 21 15 18 33 16 21 32 16 10 36 27 31 36 28 22 10 27 21 29 33 27 32 18 13 33 32 24 40 40 12 20 20 15 28 10 22 
40 32 26 38 25 10 26 18 26 38 18 12 18 36 34 36 27 40 37 19 30 20 18 29 22 28 37 26 13 37 38 10 27 21 38 11 20 23 20 36 18 26 37 25 21 28 18 38 25 14 
14 14 23 22 31 33 38 27 18 40 22 13 40 39 25 38 38 35 18 15 28 25 32 24 40 10 40 17 37 25 19 10 29 32 21 18 25 16 33 33 15 14 37 15 10 19 10 39 11 16 
13 27 31 35 40 28 36 39 33 30 23 12 30 10 32 10 18 14 15 39 38 20 13 32 23 11 39 23 40 38 28 13 24 18 36 23 35 29 22 27 18 33 27 37 33 19 35 39 23 40 
36 18 20 37 38 31 38 36 12 38 33 30 39 15 36 32 28 30 21 38 17 27 31 34 23 21 10 18 18 24 17 13 30 25 40 28 14 37 23 16 32 14 36 30 19 31 20 35 19 31 
33 24 17 23 15 29 34 16 37 11 28 11 12 17 25 11 33 29 37 14 33 28 18 28 16 25 16 26 19 23 14 11 37 19 22 12 36 16 18 32 15 34 32 16 39 14 17 32 31 11 
36 23 28 11 39 34 26 14 17 33 28 19 35 22 26 16 24 22 20 30 11 24 23 33 30 20 35 35 11 25 37 37 36 24 38 34 15 21 39 20 13 24 27 36 36 12 10 18 24 18 
36 26 32 17 16 19 27 11 12 28 24 39 22 20 20 17 11 23 28 40 31 29 21 17 25 15 19 25 21 32 31 16 17 21 23 21 30 38 20 32 23 35 28 35 12 36 11 13 18 27 
11 39 16 20 13 29 23 23 11 34 14 32 39 19 12 19 30 31 17 10 20 30 33 37 25 33 32 24 34 39 40 35 35 15 13 39 32 26 19 33 20 21 22 18 30 25 27 17 13 32 
15 23 22 36 17 35 26 40 16 20 36 15 12 30 20 15 28 11 32 35 32 40 15 14 15 33 27 30 39 30 22 13 10 32 38 18 26 23 15 32 31 10 36 34 30 15 37 16 15 26 
10 35 25 16 39 28 39 23 18 37 10 28 39 11 17 34 17 31 14 22 22 36 22 15 27 40 21 23 15 24 40 16 16 22 22 13 10 18 26 16 13 27 32 40 26 39 31 33 29 35 
14 39 28 24 14 14 23 23 28 29 35 27 33 10 39 12 13 37 20 28 12 21 14 32 18 30 30 39 20 18 34 24 17 21 36 19 26 18 32 11 37 26 26 29 26 22 29 28 19 40 
15 19 18 19 11 27 37 31 25 16 38 16 28 12 28 23 21 11 29 12 10 24 26 26 10 40 38 30 27 14 29 32 24 35 39 23 21 33 13 37 37 39 10 24 10 28 35 21 27 24 
21 27 38 37 12 36 37 39 25 23 12 11 13 26 37 40 39 17 33 10 11 29 39 12 11 38 28 36 18 13 17 28 30 12 24 31 39 18 29 23 30 31 25 33 15 21 32 11 26 22 
40 26 11 37 26 12 34 13 36 40 16 11 27 35 13 40 25 40 17 11 23 37 30 36 27 35 14 17 35 30 29 34 13 28 28 29 28 21 33 24 21 37 23 36 31 26 35 13 24 10 
